N = 500 
navg = 30 
seed = 123456789
T = 1.350000
dt= 0.000010000000000
tf= 0.500000
teq= 5.000000
rho = 0.256410
nbin= 500
