N = 500 
navg = 60 
seed = 123456789
T = 0.900000
dt= 0.000010000000000
tf= 0.500000
teq= 5.000000
rho = 0.316000
nbin= 500
