N = 1000 
navg = 10 
seed = 123456789
T = 0.880000
dt= 0.000010000000000
tf= 0.500000
teq= 3.000000
rho = 0.850000
nbin= 500
