N = 100 
navg = 1000 
seed = 123456789
T = 1.325000
dt= 0.000010000000000
tf= 0.500000
teq= 5.000000
rho = 0.050000
nbin= 500
